
advanced: 
1,0,1,0,1,0,1,1,0,0,1,0,1,1,1,0,0,0,1,1,0,0,1,1,1,1,1,1,1,1,1,1,0,0,0,0,0,0,0,0,0,0,1,0,1,0,
0.7,0.1,0.8,0.1,0.2,0.1,0.9,0.3,0.1,0.1,0.3,0.2,0.7,0.8,0.4,0.5,0.1,0.2,0.4,0.9,0.4,0.1,0.6,0.6,0.8,0.2,0.5,0.6,0.6,0.3,0.8,0.1,0.2,0.2,0.2,0.1,0.2,0.1,0.1,0.1,0.2,0.1,0.3,0.1,0.8,0.2,
Precision=0.91 Recall=0.87 F1=0.89 AUROC=0.89
Confusion matrix:
[[21  2]
 [ 3 20]]

 ablated: 
1,0,1,0,1,0,1,1,0,0,1,0,1,1,1,0,0,0,1,1,0,0,1,1,1,1,1,1,1,1,1,1,0,0,0,0,0,0,0,0,0,0,1,0,1,0,
0.7,0.2,0.4,0.4,0.3,0.2,0.6,0.6,0.2,0.2,0.3,0.2,0.7,0.9,0.5,0.4,0.3,0.4,0.4,0.8,0.3,0.3,0.7,0.6,0.7,0.4,0.6,0.5,0.5,0.6,0.45,0.3,0.3,0.4,0.2,0.2,0.4,0.5,0.2,0.4,0.3,0.3,0.6,0.2,0.6,0.5,
Precision=0.89 Recall=0.74 F1=0.81 AUROC=0.83
Confusion matrix:
[[21  2]
 [ 6 17]]
