advanced: 
1,0,1,1,0,0,0,1,0,1,0,1,1,1,1,1,1,1,1,1,1,0,0,0,0,0,0,0,0,0,0,1,1,1,0,0,0,1,0,1,0,1,1,0,0,
0.6,0.5,0.9,0.3,0.1,0.1,0.1,0.7,0.1,0.3,0.1,0.5,0.2,0.6,0.4,0.3,0.5,0.2,0.8,0.6,0.8,0.2,0.2,0.1,0.1,0.2,0.1,0.1,0.2,0.2,0.2,0.7,0.8,0.3,0.2,0.2,0.2,0.8,0.2,0.3,0.1,0.9,0.6,0.1,0.3,
Precision=0.91 Recall=0.91 F1=0.91 AUROC=0.91
Confusion matrix:
[[21  2]
 [ 2 20]]

 ablated: 
1,0,1,1,0,0,1,0,1,0,1,0,1,1,1,1,1,1,1,1,1,1,0,0,0,0,0,0,0,0,0,0,1,1,1,0,0,0,1,0,1,0,1,1,0,0,
0.4,0.4,0.8,0.6,0.2,0.2,0.7,0.3,0.4,0.3,0.3,0.3,0.7,0.3,0.7,0.6,0.6,0.6,0.3,0.4,0.4,0.7,0.1,0.2,0.2,0.3,0.3,0.2,0.2,0.2,0.3,0.1,0.7,0.9,0.7,0.3,0.3,0.5,0.7,0.6,0.5,0.2,0.8,0.7,0.7,0.4,
Precision=0.80 Recall=0.87 F1=0.83 AUROC=0.83
Confusion matrix:
[[10 13]
 [ 0 23]]
