
 ablated: 
1,1,1,0,0,0,1,0,1,0,1,0,1,1,1,1,1,1,1,1,1,1,0,0,0,0,0,0,0,0,0,0,1,0,1,1,0,0,1,0,1,0,1,0,0,
0.3,0.5,0.6,0.3,0.2,0.2,0.6,0.4,0.4,0.2,0.6,0.7,0.7,0.6,0.6,0.6,0.4,0.3,0.75,0.3,0.4,0.6,0.3,0.3,0.2,0.3,0.2,0.1,0.2,0.5,0.2,0.3,0.6,0.6,0.6,0.8,0.4,0.4,0.3,0.2,0.4,0.2,0.9,0.3,0.6,
Precision=0.63 Recall=1.00 F1=0.77 AUROC=0.72
Confusion matrix:
[[10 13]
 [ 0 22]]

 ablated: 
1,0,1,0,1,1,1,1,1,1,1,1,1,1,0,0,0,0,0,0,0,0,0,0,1,0,1,0,1,0,1,0,1,1,0,0,1,1,0,0,1,1,1,0,0,0,
0.4,0.1,0.2,0.1,0.5,0.5,0.6,0.7,0.6,0.4,0.5,0.4,0.6,0.6,0.6,0.2,0.2,0.5,0.6,0.1,0.3,0.2,0.5,0.1,0.7,0.3,0.7,0.5,0.2,0.2,0.5,0.5,0.6,0.6,0.5,0.5,0.8,0.6,0.7,0.3,0.2,0.2,0.4,0.2,0.1,0.1,
Precision=0.61 Recall=0.83 F1=0.70 AUROC=0.65
Confusion matrix:
[[11 12]
 [ 4 19]]
